! File Name: /Users/creon/src/vp/NASA_budget.txt
         year  NASA budget in Current Dollars (in billions)  NASA budget in constant 2008 Dollars (adjusted for inflation)     CPI (2001)  GDP in billions of current dollars  GDP in billions of chained 2000 dollars  total federal outlays  on-budget federal outlays  off budget federal outlays  total federal outlays as fraction of current gdp  discretionary federal outlays as fraction of current gdp  current NASA budget / current GDP  current NASA budget / current federal outlays  current NASA budget / current discretionary federal outlays  max normalized current NASA budget / current GDP  max normalized current NASA budget / current federal outlays  max normalized current NASA budget / current discretionary federal outlays  next year real gdp growth  5 yr future  growth in real  GDP  SELECTION_BY_VP
1962  1.257  6.5539999  0.1918  585.59998  2715.2  99676  93286  13535  0.17021  0.1593  0.0021500001  0.01261  0.01347  0.28501999  0.27810001  0.26076999  1.04375  1.28337  1
1963  2.552  12.767  0.1999  617.70001  2834  106560  96352  14964  0.17251  0.15599  0.0041299998  0.023949999  0.026489999  0.54859  0.52811998  0.51257002  1.05808  1.28888  1
1964  4.171  20.587  0.2026  663.59998  2998.6001  112613  102794  15734  0.1697  0.1549  0.0062899999  0.037039999  0.040580001  0.83459002  0.81677002  0.78523999  1.0642  1.25572  1
1965  5.0929999  24.795  0.2054  719.09998  3191.1001  116817  101699  16529  0.16245  0.14143001  0.0070799999  0.0436  0.050080001  0.94042999  0.96143001  0.96915001  1.0651799  1.1820101  1
1966  5.9330001  26.82  0.2212  787.79999  3399.1001  130835  114817  19715  0.16608  0.14574  0.0075300001  0.04535  0.05167  1  1  1  1.0251499  1.14695  1
1967  5.4260001  24.798  0.21879999  832.59998  3484.6001  148822  137040  20424  0.17873999  0.16459  0.0065199998  0.036460001  0.039590001  0.86533999  0.80400997  0.76624  1.0482399  1.17804  1
1968  4.724  20.664  0.2286  910  3652.7  152973  155798  22336  0.1681  0.17121001  0.0051899999  0.03088  0.03032  0.6893  0.68099999  0.58679003  1.0308501  1.18857  1
1969  4.2529998  17.537001  0.24250001  984.59998  3765.3999  186882  158436  25204  0.18979999  0.16091  0.0043199998  0.02276  0.026839999  0.57356  0.50185001  0.51949  1.00173  1.14718  1
1970  3.7550001  14.616  0.25690001  1038.5  3771.8999  192807  168042  27607  0.18566  0.16181  0.0036200001  0.019479999  0.02235  0.48010999  0.42947  0.43244001  1.03359  1.14298  1
1971  3.381  12.356  0.27360001  1127.1  3898.6001  187139  177346  32826  0.16604  0.15735  0.003  0.018069999  0.019060001  0.39831001  0.39840999  0.36894  1.05294  1.16475  1
1972  3.4349999  11.787  0.29139999  1238.3  4105  207309  193470  37212  0.16741  0.15624  0.0027699999  0.01657  0.017750001  0.36833  0.36539  0.34358999  1.05761  1.15725  1
1973  3.3239999  10.91  0.30469999  1382.7  4341.5  230799  199961  45746  0.16692001  0.14462  0.0024000001  0.0144  0.016620001  0.31920999  0.31760001  0.32170001  0.99496001  1.15513  1
1974  3.2520001  9.79  0.33219999  1500  4319.6001  263224  216496  52862  0.17547999  0.14432999  0.00217  0.01235  0.01502  0.28786999  0.27243999  0.29069  0.99805999  1.19766  1
1975  3.3299999  9.1110001  0.3655  1638.3  4311.2002  279090  270780  61552  0.17035  0.16528  0.0020300001  0.01193  0.0123  0.26989001  0.26312  0.23799001  1.05328  1.19728  1
1976  3.6700001  9.3559999  0.39219999  1825.3  4540.8999  298060  301098  70695  0.16328999  0.16496  0.0020099999  0.01231  0.01219  0.26697999  0.27153  0.23588  1.04616  1.1653399  1
1977  3.944  9.2969999  0.4242  2030.9  4750.5  355559  328675  80543  0.17507  0.16184001  0.00194  0.01109  0.012  0.25786  0.24461  0.23221999  1.05568  1.09237  1
1983  6.664  9.9729996  0.66820002  3536.7  5423.7998  600562  660934  147430  0.16981  0.18688001  0.00188  0.0111  0.01008  0.25018999  0.2447  0.19512001  1.07187  1.24317  1
1984  7.0479999  10.05  0.70130002  3933.2  5813.6001  666486  685680  166174  0.16945  0.17433  0.00179  0.01057  0.01028  0.23794  0.2332  0.19892  1.0413001  1.20087  1
1989  11.036  13.506  0.81709999  5484.3999  6981.3999  991190  932918  210911  0.18073  0.1701  0.0020099999  0.01113  0.01183  0.26719001  0.24552999  0.22893  1.01878  1.12234  1
1990  12.429  14.714  0.84469998  5803.1001  7112.5  1032094  1028065  225065  0.17784999  0.17715999  0.00214  0.01204  0.01209  0.28439  0.26556  0.23396  0.99831003  1.12924  1
1991  13.878  15.735  0.88200003  5995.8999  7100.5  1055093  1082644  241687  0.17597  0.18055999  0.0023099999  0.01315  0.01282  0.30734  0.29006001  0.24807  1.03325  1.173  1
1992  13.961  15.31  0.91189998  6337.7002  7336.6001  1091328  1129310  252339  0.17219999  0.17818999  0.0022  0.01279  0.01236  0.29249999  0.28211001  0.23924001  1.0267299  1.1863101  1
1993  14.305  20.004999  1.9349  6657.3999  7532.7002  1154471  1142935  266587  0.17341  0.17168  0.0021500001  0.01239  0.01252  0.28532001  0.27325001  0.24221  1.0402  1.20367  1
1994  13.695  18.576  1.9543  7072.2002  7835.5  1258721  1182535  279372  0.17798001  0.16721  0.00194  0.01088  0.01158  0.25713  0.23993  0.22412001  1.02504  1.20864  1
